6
4 0x000000 3 000 000
000 000 0xffffff 035 000 0xffffff
035 000 0xffffff 035 035 0xffffff
035 035 0xffffff 000 035 0xffffff
000 035 0xffffff 000 000 0xffffff

3 0x2196F3 2 000 000
024 009 0x2196F3 024 015 0x2196F3
024 015 0x2196F3 021 012 0x2196F3
021 024 0x2196F3 024 009 0x2196F3

1 0x2196F3 2 000 000
028 012 0x2196F3 024 012 0x2196F3

1 0x2196F3 2 000 000
028 012 0x2196F3 028 018 0x2196F3

3 0x616161 2 000 000
031 026 0x757575 019 026 0x757575
019 026 0x757575 019 017 0x757575
019 017 0x757575 031 026 0x757575

3 0x1565C0 1 000 000
013 026 0x2196F3 004 026 0x2196F3
004 026 0x2196F3 013 011 0x2196F3
013 011 0x2196F3 013 026 0x2196F3